tensor_linearrelustack8bias 1
-3.00573993
tensor_linearrelustack8weight 4
0.557341576 0.412163556 0.448502481 0.459527075
tensor_linearrelustack6weight 32
0.395034611 0.523822129 0.860636353 -0.131387815 0.593031764 0.16014351 0.482558668 0.668692708 0.167954803 0.363865495 0.799354136 0.172020212 0.442051083 0.487466276 -0.00693812454 0.700410843 0.590840042 0.626860976 0.192138523 0.000630863011 0.516028821 0.51545012 0.637575269 0.164285287 0.146930352 0.0349947736 -0.153156385 0.201662377 0.0209043976 -0.361101598 -0.334595382 0.0375079215
tensor_linearrelustack4bias 8
-0.00828936882 0.0592099875 -0.0297022983 -0.0784132481 0.297239542 0.154923201 0.13164629 0.370055825
tensor_linearrelustack2bias 12
0.0820661411 -0.0826629028 0.00825164933 0.196361765 0.272756696 0.0251356158 0.00688317651 0.00337386481 0.0271908753 0.183780447 0.0539309978 0.297328502
tensor_linearrelustack2weight 288
-0.195977837 0.0147319892 0.126349524 0.138268858 -0.412056863 0.224322885 0.0234347284 -0.0912727788 0.112256229 -0.0692861527 0.00210918533 -0.172191709 0.381451041 -0.234798864 0.0306788795 -0.245497838 0.09024515 0.182576373 0.0928545445 0.223731399 -0.0553054847 0.179189771 0.312620461 0.0452787541 -0.0596396402 -0.0235441588 -0.161617711 -0.136520147 0.0725180283 0.304839969 0.0508346334 0.119410522 0.524451554 -0.386220247 0.404955745 0.0645336211 0.150964499 -0.12089625 0.0270748101 -0.134744912 -0.0628740713 -0.0167294424 0.0429277346 0.296913028 -0.0273730736 -0.0780266002 0.160073802 0.205917075 0.0872944966 0.294726253 -0.0115280822 -0.160884783 0.0679318532 -0.0292786863 0.107663713 0.317845762 -0.40422982 0.237689033 -0.213969111 0.142882198 0.163387105 0.09207201 0.0693910122 0.199651435 -0.131647676 -0.0152257038 -0.0296137314 -0.0581415072 -0.0646245703 -0.242823705 -0.122591816 0.158190414 0.180033058 0.231334195 0.154701114 0.0431948118 0.159481555 -0.140530467 0.349689275 -0.0117700957 -0.330022246 0.253454745 -0.0452487692 0.0724472851 -0.324191898 0.0270719677 0.0986219123 0.212094247 0.189707473 0.215579957 0.0391228758 -0.29625082 0.0797314718 -0.17077224 0.254442453 -0.26597175 0.214857563 0.2388051 0.165707469 0.243477792 0.324279606 -0.160812989 -0.0105031161 -0.0189178605 -0.144359708 0.300969362 -0.237328395 0.119910479 -0.0439839326 0.249537617 0.281793684 0.0378676727 0.285452843 0.225893065 -0.0600382462 -0.25761807 0.0376893207 -0.27286306 0.0127042476 -0.0765143111 0.0503768735 0.0782510042 0.0547280982 -0.19833377 -0.290344983 0.081275247 0.0793552995 -0.220533058 -0.0332450233 0.0355325565 0.11148148 -0.196633369 0.244664118 -0.0657726303 0.390438288 0.00033195829 -0.260290176 -0.0564910807 -0.033126086 0.162643626 0.0123810889 -0.255393147 -0.216795117 0.298007697 -0.0645204782 0.29654932 0.172838017 0.191749573 0.0279593095 -0.035473913 0.136404991 0.0186630171 -0.498739988 -0.00530565064 -0.512167394 -0.0519079193 0.0464955643 0.0857190266 0.125053197 0.270487428 -0.288648933 -0.323685497 0.0313951448 -0.0671537817 -0.249073476 -0.0738634169 -0.0875117481 -0.208711565 -0.09361922 0.0793347657 -0.091507487 0.0868307576 -0.148062602 0.0991653726 0.0782808736 -0.031906981 0.398435146 -0.275176287 0.353647918 -0.0156910252 0.48953554 0.14638333 -0.0895833448 0.164799586 -0.0826353878 -0.0617561787 0.233195812 0.0990213603 0.241960749 0.428034127 0.0330451168 0.190592319 -0.104687326 -0.085404411 0.00390934572 -0.00236117234 -0.0700212419 0.0428821445 0.0844031796 -0.112670481 0.376311064 -0.0906603485 0.0131574916 0.0398940742 0.26004082 0.0401894674 -0.0544630177 -0.192471951 -0.196277827 -0.167657882 0.260414779 0.189553261 0.34278658 0.328101486 0.0625735521 -0.0157478806 -0.0157294646 0.109421842 0.182442605 0.0463767946 0.174371362 -0.141617417 0.0957140177 0.293008327 -0.0267091207 0.102349982 -0.184504986 0.0721965134 -0.248830989 0.0393236242 -0.0338811502 0.260875881 0.285908014 0.273320973 0.0122837815 0.0146390358 -0.210024536 -0.332911849 0.223505601 -0.0673055947 -0.112847701 0.10887564 0.0751267746 0.27178818 0.254704654 -0.148734972 0.0700771287 0.210353985 -0.299597561 0.0591939241 -0.0985720605 0.159773216 -0.0866055638 0.229636893 0.215522751 0.148922518 -0.0478779897 0.136054903 -0.210651025 -0.0459317788 -0.244930878 -0.20287545 0.254379809 -0.427307963 0.0446938947 0.0956048891 -0.0781733245 0.190777361 0.0329700746 -0.207149878 0.18772468 0.0349806808 -0.0255672056 0.0227163155 0.0169343632 0.106862053 -0.188391387 -0.0151623776 0.0719422773 0.266825974 0.280056328 0.287034541 0.0128283808 -0.0980218574 -0.116505086 -0.186849356 0.00374316121 -0.121031001
tensor_linearrelustack4weight 96
-0.45561412 -0.369524062 0.0594186261 0.203641847 0.22595948 0.432891786 0.410475552 -0.441159546 -0.0987028107 0.32421577 0.187127367 0.375032753 -0.593521118 -0.465859503 0.323765695 0.252264708 0.252449393 0.516152859 0.276792645 -0.0597902797 -0.419648945 0.385213226 -0.00353721646 0.341022253 -0.155616194 -0.229016706 -0.397447526 0.266165793 -0.197189972 0.11962492 -0.687284589 -0.430858791 -0.0593018867 0.192582697 -0.175960734 0.371563166 -0.125112563 0.0379508734 0.103312366 -0.172896922 -0.00243913056 0.156387657 -0.0900198147 -0.283020258 -0.111039922 -0.0825496539 -0.0485841371 -0.227769196 -0.536289811 -0.5630849 0.243811876 0.153334826 0.371068537 0.532198727 0.55053407 -0.507544219 0.0381438322 0.274054259 0.277799487 -0.0834391937 -0.691759467 -0.329676539 0.0076360153 0.252797693 0.40526706 -0.032110665 0.308661222 -0.0262086708 -0.373268217 0.07606069 0.208672389 0.249381572 -0.530002058 -0.330976546 0.422790557 0.361395836 0.106497549 0.486921042 0.14091529 -0.417857587 -0.346077144 0.335856318 0.401578248 0.208240688 -0.38720575 -0.591070056 0.257186353 0.352555633 0.187802926 0.392462701 0.435509235 -0.239112794 -0.36765781 -0.0831150338 0.446657181 -0.0603552721
tensor_linearrelustack0bias 24
-0.0948776305 0.124564894 0.15586251 0.2248469 0.102820069 -0.157964632 0.326043844 0.186225742 -0.111862324 0.179652333 -0.219353586 -0.0347050279 0.140358984 0.148949653 0.115744777 0.152201965 0.191300288 0.1949099 0.261804581 0.063606061 -0.0656901747 -0.355433255 0.465439349 -0.183278933
tensor_linearrelustack6bias 4
-0.062185172 -0.0377617031 -0.0606414303 -0.0414684489
tensor_linearrelustack0weight 1056
-0.11061991 0.366975129 0.115550436 0.0363777317 0.044346001 -0.0431346484 0.0300568733 -0.24006097 -0.0845824555 -0.0511233099 -0.0989178792 -0.0536992848 -0.0213319696 -0.0319401436 -0.160975471 0.0767367929 0.106368795 -0.0393008552 -0.0663859695 0.14871788 0.0270075332 -0.00828853995 0.0255093426 0.0384509489 -0.0461478792 -0.00525846751 0.0304678511 0.0332778543 -0.0417283587 -0.237282947 -0.0691071525 -0.0405863747 -0.0526965261 -0.0360648669 -0.117665142 -0.171030536 -0.010164151 0.0339172296 0.0240773242 -0.00397699466 -0.0646788552 0.0455086268 0.0204286519 0.152278453 0.0384764224 -0.319610327 -0.0933822244 0.102871187 -0.0875303969 0.0303864889 -0.0791674703 0.0648477077 0.0685492903 0.0623686649 -0.0204431806 0.138320982 -0.0780334622 0.00410698913 0.266327083 -0.0970218629 0.114328884 -0.0174553189 0.0426822826 -0.141345829 -0.0286855604 0.0785707533 -0.00181317737 -0.0408537611 -0.0328306258 0.041309759 0.00494834222 -0.014065112 -0.269572496 0.218068287 0.0599922314 -0.0356724598 -0.08154881 -0.0513146259 -0.027238993 -0.161871091 0.070363611 0.0676402226 0.157209471 -0.0524624251 -0.125085175 0.00543773128 -0.0733796582 -0.0546748564 0.195229352 0.257914782 -0.073684141 -0.0278768931 -0.0773348659 -0.0689458922 0.0233979691 -0.0100712273 -0.0291007459 0.0252462607 0.0307376776 -0.0564224869 0.0270848442 -0.13312982 0.0810144842 -0.082535252 -0.0772854537 0.0521864444 0.0271652862 0.00685792882 -0.0671094283 -0.0492143929 0.0599118732 -0.0783157274 0.123088934 -0.00722935423 -0.0540918149 -0.0857965797 -0.379590422 -0.188478142 0.0619740374 -0.101305224 0.136320367 -0.018948406 0.0554150194 -0.0188759509 -0.0438000448 -0.0573231205 0.0958908722 0.00188458443 -0.130087838 0.129278094 -0.170942932 -0.0665524602 0.0545318164 0.201316461 0.124201424 0.00427349051 0.0135388579 0.152425438 0.0866543204 0.0192684382 0.0388355963 -0.0700162724 -0.0772175342 -0.00174540968 0.0198433865 -0.139887825 0.193685919 -0.0702855512 -0.117743969 0.0592638627 -0.0172081292 -0.0880979821 -0.0616650991 -0.0785459802 -0.0525357313 -0.0795590207 0.0713256821 -0.0350450203 0.0476272367 -0.080321826 -0.182418704 -0.111949049 -0.1644793 0.0623677857 -0.00213167001 -0.147686779 -0.0667894483 0.0950050503 -0.13426666 -0.0179045927 0.191025883 0.170277715 0.0264212526 -0.0780179724 0.00568305189 0.15213649 0.130604669 0.00428436976 0.00195912807 -0.0406224541 -0.132958904 0.0641093254 -0.0201435201 0.53090483 0.0337031037 0.00301436777 0.150336847 0.219918594 0.0706629455 -0.196874738 0.289695978 0.0440230221 -0.0980704203 0.0965364575 0.034933079 -0.0908732936 -0.0326737575 0.00351014524 0.00385840214 -0.00108058716 -0.0209368132 0.058899533 0.0073793889 0.0138268247 -0.126960754 0.00353837013 -0.0199977737 -0.0347276367 -0.140573859 -0.129233271 0.15168722 0.0522122756 0.0213303119 0.0368409753 0.108985879 -0.0490220413 -0.0107072992 -0.0981524587 0.0669992194 -0.0103319641 0.188837126 0.0154744387 0.0257996749 0.024590319 0.324068666 0.116899788 -0.0891138911 0.165237963 -0.0273496732 -0.0113494694 0.0272965804 -0.0279851817 -0.0600189716 0.026622232 -0.081458047 0.0472972691 0.068456322 -0.0602672696 -0.049745921 0.0402719751 -0.00915326271 -0.00915783271 -0.0159571208 0.00561532471 0.0144284545 0.0241897143 0.0154292984 -0.0076578171 -0.157139048 0.011621803 0.0220474936 0.0256246012 -0.17670399 -0.0923778936 0.20806171 -0.245957747 0.0325461589 -0.00458061974 -0.0818854272 0.00535431039 0.0457197763 0.126051024 0.0111787198 -0.0216644797 -0.221624404 0.0422182046 -0.028594831 -0.058640115 -0.00496066501 0.0456226394 -0.0619860031 0.0519140624 0.0439794511 0.00862663798 0.122705743 -0.238596901 0.039898444 -0.02164758 -0.324796587 0.230729148 0.0109917475 0.0998657793 -0.00311425072 0.0627780706 0.00446040602 0.0504533127 -0.0441164374 0.0467151366 -0.152947888 -0.00431930041 -0.0630221218 0.0346594676 -0.166576505 -0.0253907088 -0.0268479288 0.0287609212 0.0845549628 -0.0749098212 -0.13558422 0.0102381017 0.0245870985 -0.0937203094 -0.125613138 0.0756008178 0.138783991 -0.0599841811 -0.0371436439 -0.0438098274 0.173450634 0.285544217 0.0244176034 0.0891711414 -0.0409038365 -0.0856916085 0.048848059 0.229599088 -0.0807196274 -0.00303218234 0.067196019 0.0538492575 -0.0267225485 -0.126223594 0.18494083 0.0312080998 0.0259293616 0.0152416406 0.0981562808 -0.134943917 -0.0624651685 -0.0233096462 -0.0497778878 0.0538956225 0.030184662 0.0388413854 0.050493598 0.0782172605 -0.145321906 -0.271971881 0.0324103646 0.00415668963 -0.00161536236 0.0158285815 0.0643005967 -0.0504762977 -0.0548658594 0.114916734 -0.0879639387 0.109418057 0.0287684333 -0.104309916 0.0437508635 -0.00655945716 -0.906426609 0.0131573072 0.00126556167 -0.0169327743 0.0639885664 -0.0238414221 0.079274185 0.137501702 -0.0156319123 -0.00541331805 -0.0193359423 -0.000683585415 0.0180775374 0.0676958933 0.131863013 -0.04657121 -0.00361526827 -0.00117307703 -0.0302880295 -0.100594915 0.0954370275 -0.0235999189 -0.0035890427 -0.0165877454 0.02429072 0.00110138278 -0.00431279093 -0.0321839303 0.182062373 0.0253068991 -0.00710533047 -0.00880606286 0.00942086987 -0.0352280512 0.064662233 0.258340418 -0.0499756001 -0.00644090632 -0.106188513 -0.00391692808 0.0266413875 0.00453823525 -0.115454279 0.0142123634 0.155768141 -0.0111923348 -0.00794341322 0.0921355858 0.121348418 -0.0677862614 0.118387476 -0.599692583 -0.028602507 -0.00269851717 -0.246882334 -0.0266500451 -0.105402268 0.0878819674 -0.239166558 -0.0965950638 -0.0162129458 -0.0143647892 -0.0191865526 0.301317275 0.0285619926 -0.00589796947 -0.00984215923 0.0225106794 0.0175885838 0.0111705465 -0.0289691687 0.00773355784 0.236079052 0.00517807342 -0.0251275115 -0.00163209171 0.0168881826 0.0755447224 -0.0874687731 0.0595851615 0.0177640282 0.0846136138 -0.118321814 -0.117579073 0.0257105883 0.066953592 -0.149072036 -0.02271064 -0.577197313 -0.0374920852 0.00438148389 0.0426554978 0.0217715371 -0.0213897452 0.14655216 0.111301199 0.0598125868 -0.00794088375 0.0626346841 0.130974576 0.0962177068 -0.239883095 0.031968005 -0.0611134581 -0.0847123489 0.0476482958 0.0496198498 -0.0194939151 -0.0275538452 0.0356318168 0.00803473406 -0.0270713009 -0.00732783834 -0.00158532034 0.00136690307 -0.0182791594 0.0326544195 -0.0194288492 -0.0073357299 0.0312978402 -0.188132107 -0.0457115658 0.00779117597 0.15901421 0.00562493876 -0.0466881283 0.10237617 -0.258062422 0.0843439326 0.0894925818 -0.0894403607 -0.0379648618 0.0851556063 -0.347952008 -0.0111539327 0.00988205336 0.0095704589 -0.011298229 -0.0447047837 0.146364942 0.0351989865 0.0450738519 -0.0488403328 0.07333491 -0.0424798988 -0.00179885596 -0.0561421663 0.0864037275 -0.0207874253 0.0778529271 0.0880419835 -0.0728969201 0.0476111248 0.0210189316 0.0249645356 -0.0217334721 0.0234772917 -0.0311537739 0.0401726253 0.00885289628 -0.0675633773 0.22400409 -0.00527644204 -0.0367594846 0.20999302 -0.147205144 -0.0199996568 0.0100534344 0.0319029763 -0.0887258351 -0.0858981386 0.0454357155 0.0187928937 0.0203729589 0.0666231364 0.00305775297 -0.548790336 -0.000399647164 0.012560918 -0.0958241522 0.00678510312 -0.088558428 0.0897579193 0.542437077 0.00971978344 0.00349686178 0.0339511 0.0690190196 0.00849473849 0.095136784 -0.0721354112 0.015440342 0.0231081806 -0.0485088006 -0.0549044125 0.0568717122 0.0243055485 0.00927827042 0.00293644844 0.0237144753 0.0202832762 -0.00870063435 0.00970495027 0.0392247774 -0.0376246907 -0.016861435 0.00788854063 0.00688762218 0.0214505009 0.0213138517 -0.0481720343 0.0400543399 -0.0128696049 0.0477700755 -0.00555421831 -0.0225723479 0.130341634 -0.147135437 0.00750744017 0.0248369407 -0.138056472 -0.00110905711 0.0220698062 -0.087941356 -0.216223463 0.15340887 -0.0489228778 0.354996592 0.0271470416 0.0159884002 0.134101197 0.176299363 0.0582389645 -0.181795776 0.0334315784 -0.243537635 0.0941999182 0.0032934323 0.0862719789 -0.0284785982 -0.245924622 -0.0335084908 0.0643123239 0.000701034209 -0.0323421732 -0.0202994719 -0.016412016 0.0353583358 -0.0783969089 -0.0584833324 0.00159443496 0.020228615 -0.0993709117 -0.10579595 -0.011771163 -0.120376624 0.0627752095 0.046952527 0.0577449575 -0.0375085324 -0.0602130629 -0.103980839 0.0152908508 -0.0102054132 -0.0426275581 -0.0229624379 -0.107148416 0.101062022 -0.153163418 0.0666101277 0.0251508541 0.0872943401 0.0150794685 0.0383715183 -0.0878854617 0.13411434 -0.00840456411 -0.111937255 0.150740489 0.300617218 -0.118903205 -0.0504943915 -0.110488795 -0.0703011379 0.0444840007 -0.0330174826 -0.00639455486 0.0706595629 0.0149480253 0.00762660196 0.0398964547 0.0569781363 -0.307681382 0.00534487795 0.0613820218 -0.0730991662 -0.0896544605 -0.0228813794 0.0153335072 0.00618924526 0.0353750251 -0.0306345727 0.0352757424 -0.0840977803 -0.0290581379 -0.0324822925 0.0629469976 -0.104907386 -0.023342412 -0.0319592841 0.0502603278 0.00500728702 -0.10947258 0.0192605238 0.0306577105 0.227777019 0.00449463492 -0.00691450294 0.0526963696 0.248808593 0.0690150112 -0.0897672176 0.137177438 0.0265699681 0.0264821351 -0.0317418277 -0.0651116669 -0.126664519 0.0979080275 0.00474614464 -0.000699980941 -0.0369827449 -0.0138321798 -0.0249404553 0.00786869787 -0.0518164113 -0.261072338 0.0132111246 -0.0464944281 -0.076470226 -0.179125443 -0.0143006761 0.190848097 -0.0805620253 0.00690228818 0.0504710935 -0.112313561 0.21794568 -0.0661956668 -0.113572046 0.0148897087 0.0335705504 0.0121353948 0.0961339697 -0.1880804 0.021560384 0.0350285992 -0.0124851977 0.121956937 -0.313465536 0.0489867143 0.120423175 0.103030786 -0.0665403232 0.0286991466 -0.0116265938 -0.28295961 -0.053955134 -0.048575215 -0.0272529479 -0.0208345298 0.190825298 -0.122245662 -0.0576056391 -0.000749664672 -0.0486152135 0.0251413174 -0.00874080323 0.0198395979 -0.0735002011 0.276367009 -0.0533738807 0.215836614 -0.0402914397 0.029315114 0.0142600378 -0.00106038654 0.01402569 -0.0984978601 0.0444255508 -0.0578407161 0.235364914 -0.105648346 -0.100287907 0.0801326409 -0.119547583 0.0576103814 -0.407615006 0.196122214 -0.0285174977 -0.017690815 -0.0470195524 0.0456730723 -0.194144517 0.0525675677 -0.14412339 0.126825467 -0.076854907 -0.02371783 0.014715245 -0.174908698 0.00813340489 -0.034426216 0.0456017628 0.0133662457 0.0515238196 -0.0323005319 0.0824328288 -0.0276560113 0.0689169765 0.0685699433 0.0378283486 0.0337761492 0.0602506772 0.0407418907 0.206140816 -0.18815513 -0.0529899411 0.106366433 0.0886715502 0.0543489046 -0.102187589 0.0276986621 -0.0445842668 0.0644168332 0.15965189 -0.00559204118 -0.169214383 -0.00297102518 0.179532215 0.105451718 -0.00424637692 0.0302429795 0.183978066 -0.123008266 0.0313167013 0.183589444 -0.0624639876 0.075031139 0.0729508549 0.0116616162 -0.012410867 -0.0938147604 -0.0858613029 0.35961774 0.154805377 -0.0116725722 -0.140887603 0.0142666874 0.283774912 -0.258604556 -0.0312593617 -0.0509463772 0.0288571417 0.0147588579 0.0537052974 0.066787973 0.0103436373 -0.0820821151 -0.0868345425 0.0808323324 -0.0938443467 -0.0462068655 0.0775306299 -0.155609801 0.0381377265 -0.0520271622 0.0075141741 -0.0438653827 -0.12718454 0.0522042513 0.0798763111 0.0142681561 -0.0288851 0.223704129 -0.0513408184 -0.0319417417 0.0541256592 0.175760359 0.0599181689 0.0712357238 -0.166538581 0.0203041025 0.0182815772 0.063721925 0.118395902 -0.105600081 -0.0649290755 -0.203781113 0.0127227027 -0.0139871687 0.160990015 0.0772749037 -0.279302448 -0.127664044 0.00639784243 -0.0218443144 0.0491643287 -0.0406331718 0.030588707 0.000663647428 0.0410632677 -0.0462623276 -0.0402876399 -0.0261838809 -0.0695779175 -0.165484801 -0.114611618 0.0297313333 0.0804634467 -0.0339750722 0.0575649999 -0.0535084605 -0.217563108 0.173298016 0.0567018911 -0.0286456309 0.042661082 -0.120160393 -0.0176527426 -0.0826981962 0.129411146 -0.162191376 0.00213867496 0.141132563 -0.137842089 0.0023911153 0.0165539421 0.189352766 0.247940525 -0.0731121749 -0.345643222 0.125623763 -0.0193589944 -0.00252653472 -0.0109456331 -0.0904731378 0.344761968 0.0771324858 -0.00742391916 0.0480855703 -0.075259693 0.0379765444 0.0354410559 0.00463877153 -0.048838228 0.0636087209 0.00455785077 -0.0679595098 -0.308416337 -0.167234614 0.0795297176 -0.134208977 0.0210203249 0.0866293088 0.150967449 -0.124354176 -0.104308657 0.0286564324 -0.110299774 0.0211691707 -0.0366703533 0.0392235331 0.00848998316 0.0177423377 -0.0291606914 -0.0106247338 0.01218866 -0.0346104018 -0.490264922 -0.0271170568 -0.00449006166 0.046064999 0.0212601591 -0.409749955 -0.0575423539 0.0716901049 0.0117311673 0.0225879084 0.0619054995 0.0519788079 -0.0892735422 0.0731536746 -0.00225865841 -0.0029655199 0.0388824046 0.0144712999 -0.017351279 0.00852649473 0.0379142761 0.123718284 0.0338361822 0.00902277231 0.00569114042 0.0675768331 0.0255407207 0.0506609157 0.173558816 0.0360610895 0.0306226332 -0.0250656344 -0.138081893 0.125385612 0.00704147574 0.0110098645 -0.00958666112 0.0783734471 0.0274786856 -0.0845520124 0.151774466 0.0509066582 0.198731333 -0.117440857 0.130967185 0.0296287276 0.0150416102 -0.0923702642 -0.405776918 -0.015660109 0.161933511 0.0663015097 -0.215945914 -0.0252687223 -0.0480409823 -0.00597189087 -0.110473715 -0.230239004 0.0489073098 0.0930129886 -0.0598629266 -0.0862136409 -0.0504080243 -0.0802019462 -0.0652516484 -0.00109979801 -0.0279832315 -0.0697958022 -0.0434625298 0.317424178 0.187723055 -0.103075154 -0.241459072 -0.160147056 -0.04161736 -0.0198071487 0.0983688086 -0.088786602 -0.00897214655 -0.208966568 -0.102818169 0.329853475 0.0110137407 -0.0169871114 -0.0623234473 0.265631437 0.0710315183 -0.0304542705 -0.209895313 0.00781990215 0.00187356223 -0.089596495 -0.16593647 -0.00107326848 0.208601609 0.214383006 0.0269756597 0.00396708539 0.0211093277 -0.0578750558 0.199194148 -0.0241075698 0.000353177369 0.0229289699 -0.0255587511 0.00787574612 -0.0104470039 -0.0169893559 -0.0104207005 -0.276429355 0.00671156403 -0.0361789912 -0.0553376488 -0.134036437 -0.116313986 0.0281380098 -0.0572221279 0.033271946 0.0373475738 0.117019765 0.0293600615 -0.0513686128 -0.0469295941 0.0316228829 -0.0100637637
