tensor_linearrelustack8bias 1
2.63494563
tensor_linearrelustack8weight 4
-0.988505483 -0.00959509984 0.0393754616 -0.984571397
tensor_linearrelustack6weight 32
-0.0853629559 -0.423228055 -0.396758914 -0.453895926 -0.346730709 0.613616884 -0.37116462 0.702157021 0.275889695 0.199003324 0.235340625 -0.028786635 -0.230282247 -0.249828234 -0.133121043 -0.138148427 0.310565203 -0.247914866 0.309010923 -0.0831871331 -0.162275612 -0.131397992 -0.234027207 0.0722725317 -0.0945128724 -0.597891808 -0.820329726 0.136192724 0.0249333065 0.316096485 -0.513338745 0.318640143
tensor_linearrelustack4bias 8
-0.266534448 0.0446553901 0.101128109 0.186662585 -0.159929797 0.198099881 0.160511687 0.120883048
tensor_linearrelustack2bias 12
0.1702196 -0.242798373 -0.0549688824 0.139573604 0.0735095516 0.558843076 0.0929634497 0.146141455 0.48207593 0.420691222 0.217403948 -0.17485179
tensor_linearrelustack2weight 288
-0.325197488 0.093887493 0.0355205275 0.217620119 -0.0370278805 -0.116128147 0.139206752 0.0292909071 0.0257596336 -0.0385077298 -1.03442907 -0.0648443028 -0.0730855763 -0.112717055 0.277002186 -0.323582768 -0.288436145 -0.448979855 0.165776953 0.0256886855 -0.0374963284 -0.151384577 -0.190434709 0.227093458 0.232136637 -0.132403836 0.069399938 -0.128575772 -0.253429055 0.177495882 -0.0851430297 0.201621875 0.253746867 -0.0835592821 0.0397864915 0.260711581 0.0866373777 0.270130426 -0.179018289 0.316080958 0.358001858 0.200562343 -0.123949677 0.121592909 0.00886106305 0.0153790778 0.128581345 -0.180654004 0.186639681 0.166449875 -0.0441986509 0.200385377 -0.165752143 0.01979151 -0.131082997 0.049791757 0.0584680624 -0.0208979491 0.0738783032 0.148653582 -0.0268227607 0.11289534 -0.108148485 -0.0623608157 -0.00859223679 0.0243147835 0.0254242551 0.291245967 -0.0156197771 0.0683267266 0.0905335918 0.216878325 -0.149181664 0.0170718357 0.0274147838 0.200896949 0.413093209 -0.203840151 -0.269333065 -0.0641189814 0.0177118666 0.00244771247 -0.986710548 -0.0388424546 0.153040484 0.0240277648 0.143175334 0.0358998217 0.0275348984 -0.390950799 -0.0318298489 0.0515064411 -0.0478678867 0.0449574366 -0.137077272 0.0363499559 -0.0905200616 0.0958413705 -0.307032973 0.329063535 0.0956974477 0.0672442317 0.00139618875 0.0769726336 0.0117307454 0.165986523 0.066508539 -0.0921891406 0.0757159665 -0.388214171 0.140118286 0.111274384 -0.55791074 -0.0527385995 0.338832259 -0.106175259 -0.107912056 -0.0913204774 -0.060009636 0.241930842 0.124911323 -0.131780952 0.192195415 0.280711085 0.0256112646 -0.0208471734 0.260200292 0.0155237168 -0.0571580529 0.265584975 0.352858096 -0.207013518 0.153950766 0.102091365 0.0542417653 0.282319129 -0.0269341189 0.308561295 0.13946709 -0.022641154 0.267758548 0.175798863 -0.0967975929 0.159216985 -0.0133801792 0.205620319 0.282593727 0.117058776 -0.0642190129 0.145537674 -0.21051982 0.175537869 0.204620555 0.088170737 -0.130906269 0.131296217 -0.105011486 0.02092034 0.0239817183 0.220945284 0.293733984 0.0556615405 -0.191614762 0.23572205 0.0402203798 0.0730264336 0.27143091 0.118764669 0.128924727 0.0744139925 0.26895231 0.171219617 -0.349002033 -0.00696874131 -0.0128010549 0.166960657 0.22226429 -0.0561903305 -0.174764216 0.186963752 -0.0273054335 0.212847337 -0.312220484 0.00203181384 0.0477136634 0.102051377 -0.127613813 0.120919995 0.051171504 -0.0680927634 0.238887504 0.208729565 0.137339562 0.270423681 0.225339025 0.432718813 0.292810231 0.110154778 0.462123781 -0.0612206869 -0.227446601 -0.0504343212 0.192651004 -0.0860462338 0.354434758 -0.00183148647 0.260310024 0.250743479 -0.0823177919 0.244041234 0.179665849 0.0975246057 0.268261731 0.373942941 0.0248931963 0.275542706 0.0589500554 -0.0750907362 0.0532944128 0.174764469 0.306084543 0.0878336653 0.539381921 0.00716120144 0.0229069311 0.271522105 0.156494156 -0.149114326 0.368839055 0.0164803248 0.431252658 -0.00193999731 -0.330832154 0.0498077534 0.340110451 -0.198989004 -0.0962858051 0.0118026333 -0.0192411188 0.00519940862 -0.200819328 -0.00905163307 0.111400336 0.350166261 0.259789646 0.270262748 0.349210948 0.128223956 0.0205376372 0.260299742 0.307579547 -0.305999964 0.19218795 -0.00751347141 0.0462999605 0.0928372964 0.00231074239 0.312814564 0.28168112 -0.0966190398 0.207562357 0.23235178 -0.111428902 0.182730988 -0.00639621075 -0.336298883 0.27954185 0.146683261 -0.080449 0.245070383 -0.132175386 -0.212072924 -0.112063304 0.37757355 0.246308193 -0.201802239 0.0925886258 0.125588506 0.193025187 0.043403063 0.0992750302 -0.00943429489 -0.434516519 -0.119846225 0.204097629 0.0567543656 -0.068579115 0.209796265
tensor_linearrelustack4weight 96
0.164066702 -0.28034234 -0.272323638 -0.278367847 -0.251393408 -0.272972912 -0.247112781 0.234885976 -0.240648359 0.156180322 0.125432074 -0.155392498 0.72476989 0.497030526 0.165373787 0.653384089 -0.168557674 0.113556072 -0.098159641 0.428138793 -0.0993466005 -0.115253881 0.0380141139 -0.483019948 0.763632953 0.23617816 0.293623924 0.631986618 0.0186149664 0.0257797055 -0.0797909796 0.1213971 0.0920064375 0.119144708 -0.188549504 -0.835064769 0.235288352 0.392292231 0.205456778 0.0579983406 -0.422934383 0.0732125342 0.430814713 0.106960095 0.0460446775 -0.0569656603 -0.0598503612 -0.480861008 0.195018411 0.463495791 0.244787648 0.0531393774 -0.426455438 0.233377516 0.207178816 0.31624499 0.0942520574 -0.152625173 -0.0145934811 -0.384601593 -0.675305128 -0.509793699 0.19387944 -0.413945109 0.705212951 0.486981004 -0.237059906 -0.354365766 0.525931239 0.319271505 0.531715691 0.618021369 0.521772087 0.527250946 0.178161383 0.191081047 -0.503616869 0.0377677456 0.319172561 0.401047528 0.0752148777 -0.19360882 0.0434245877 -0.529739559 -0.548029125 -0.431209266 -0.20497109 -0.479478985 0.324233055 0.341507405 -0.289547145 -0.236587301 0.497096598 0.479189426 0.148887008 0.5079965
tensor_linearrelustack0bias 24
0.00224308507 -0.0745478719 0.200604096 0.536545038 0.132361472 0.0523784496 0.0828284249 -0.0157738384 0.187823564 -0.157971352 0.100278229 0.169152483 0.12729229 0.149527773 -0.0272525977 0.279117405 0.18975389 0.312071383 0.0842547566 0.0190657172 0.0692292899 -0.064876534 -0.0387992747 0.142843038
tensor_linearrelustack6bias 4
0.596486032 -0.212343618 -0.00277208444 0.515452802
tensor_linearrelustack0weight 816
-0.0425323136 0.0822101682 -0.20621489 -0.107737429 0.0372202583 0.144631132 -0.0730195567 0.285572618 0.0741910338 -0.0510600619 -0.138368979 -0.0763748959 0.0401309691 0.107686989 -0.0428506583 -0.0218457207 0.011433186 -0.0367272086 -0.0293557886 0.0720930547 -0.0176815018 -0.0026015027 -0.113393165 -0.0575977713 0.181092933 -0.0331394337 0.218562365 -0.0710394904 0.0190735441 0.0412276499 0.0466846451 -0.126027301 0.033142563 -0.166297019 -0.100723296 -0.203458861 -0.0983970314 -0.160099596 0.0614626072 -0.088706784 -0.101368837 -0.0225356258 0.079565987 0.188003764 -0.124251403 -0.146017462 0.0172288343 0.00245361915 -0.0736070052 0.0218750853 0.0398594178 -0.0382499285 0.0428997166 0.0166290998 -0.0316283889 -0.0185872316 0.250759512 0.216729954 0.0880821422 -0.00391335133 0.154169008 -0.0337351859 0.00458317436 0.125537768 7.64766737e-05 -0.0970197171 -0.100697339 -0.101495244 -0.498248607 -0.0509129167 -0.0842595473 0.128407478 0.276131243 0.283946037 0.0331962332 0.0198730938 0.223241359 -0.279824167 -0.0917925462 -0.0263412576 -0.0233029388 -0.0993628353 -0.142115951 0.0470377207 -0.0308124032 -0.0290596262 -0.000916336838 -0.0205310285 -0.0496580973 -0.0682590455 0.0258190427 -0.0248081721 -0.0135822548 0.0233712457 0.281633943 -0.0808913857 -0.00318063493 -0.112296157 -0.0185008738 0.039915707 -0.267450839 -0.0226457547 -0.203015625 0.0490724333 0.0875533074 0.00232591666 -0.0464925542 -0.0911391824 0.1206159 0.000825254654 -0.0804525167 0.629349351 -0.0769994259 -0.132632926 -0.208656222 -0.121934213 -0.172721162 0.0242465977 -0.0206115432 -0.0725760013 -0.0141280377 -0.0295946132 -0.0195504576 -0.0501787439 0.169216067 -0.108433574 0.00751538062 0.0202914719 -0.066565372 -0.110379815 -0.0142590627 -0.0552990697 -0.0632165298 -0.0395337045 -0.165474117 -0.00113154436 0.401680082 0.00412542699 0.0250505395 -0.0896893591 -0.560591519 -0.123395242 -0.0433477126 0.0256426483 0.0169140585 0.146132424 0.148941308 0.0913697705 -0.0396079868 -0.000971528352 0.000367109256 -0.0113161728 0.0226364825 0.0680891722 -0.0408098176 -0.00879465602 0.0250150803 0.0826484188 -0.320998043 0.0316728242 -0.00641308073 0.106182486 0.235304043 0.198785111 -0.00139920891 -0.0317616574 0.115999945 -0.0339129195 0.0771110505 0.0315394998 -0.500267088 0.0555892102 -0.0480894335 -0.125710413 -0.00718619768 0.479251385 -0.12801227 0.0123389037 0.126884386 0.0244676098 0.168531477 -0.0477100164 -0.142739728 0.0193315018 0.0941811204 -0.020033516 0.0240894202 -0.0206661765 0.00907543302 -0.0241068397 0.0130196884 -0.0323590897 0.15355283 0.12221162 -0.0473983176 0.0421588793 0.0314678587 0.043618951 -0.0755944997 -0.0328198746 -0.0082176635 -0.000900434505 -0.0937645957 0.00571703259 -0.0314662457 0.00351719861 -0.00134701317 -0.00726400455 0.00861775968 -0.305031061 0.05526926 0.00193804072 0.272017449 -0.831158042 -0.0632239804 0.0211583786 0.160241544 0.0827412009 -0.0951415747 0.013286721 -0.0263033155 0.0222971849 -0.0274861548 0.0215419661 0.0017038415 0.0127312755 -0.0918165892 -0.0564087629 -0.00473327702 0.0182628818 0.144012034 0.135690361 -0.0671071485 -0.0472300574 -0.145573646 0.175373927 0.0335764214 0.00763453171 0.0342357084 0.143186182 0.226762816 -0.0411661491 -0.0382693559 -0.0350127518 -0.0383720547 -0.0586769395 -0.072670795 0.140378669 -0.0500950851 -0.0496327095 -0.0438086092 -0.0744955167 -0.084108524 -0.050441619 -0.00607345998 0.0642604306 0.061733257 -0.0340021923 0.0244160648 0.0748162717 0.228512555 -0.0508623496 -0.148940504 -0.0905885845 0.297069848 -0.0260192491 -0.0775808617 0.000907953596 0.0889251903 -0.0363120548 0.0372953862 0.141048953 -0.156078994 -0.110346697 0.0222801175 0.0252207424 -0.0538999848 0.0409498103 -0.0225267056 0.0168144312 -0.088134706 -0.129231662 -0.451346159 0.128642187 -0.0750543624 0.121968068 -0.168589368 0.0300647728 0.0128400736 -0.0445181131 0.012717694 -0.00433366606 -0.0164793823 -0.0275532156 -0.319173485 0.108254246 0.0329991579 0.0236141682 0.00810380839 -0.113291591 0.0657899901 0.0749467164 0.0966949984 -0.142178386 -0.0352450535 -0.00776380068 -0.698750496 -0.0694217235 0.0129731214 -0.117623024 -0.140375078 0.0255580973 0.127286106 -0.0029047369 -0.0364482477 0.0766812265 -0.16739893 0.0111046676 0.0781731308 -0.0405103974 0.0945652723 -0.00982559659 -0.00705399271 -0.00681137387 0.0436122604 -0.00160601421 -0.00133041956 -0.00538226916 -0.0706005991 -0.0174082909 0.0384594016 0.069216162 0.0147130294 0.241578087 -0.138714418 -0.00728955213 -0.0292615369 0.127929121 -0.0322291106 0.0102776214 -0.588302732 -0.0322011076 0.0144204507 0.0122654112 0.0232211109 0.697584808 0.025957508 -0.00208598678 -0.0880986452 0.0130811883 0.0138747729 0.0271463227 -0.00940233283 -0.0318637714 -0.0292235799 0.0113701988 -0.00780348852 0.0135315517 0.03381126 0.00280785444 0.00898071565 0.0212637 -0.0145313665 -0.00507922005 0.0117657846 -0.00131968269 0.0190272909 0.0224944465 0.0470749885 0.00759796705 -0.0544422306 -0.0221702196 0.029727878 -0.00264424342 0.0268707816 -0.247930363 0.000480253133 -0.0349470414 0.00363316154 0.0404765829 -0.0535369255 -0.00798100606 -0.00997972302 -0.0543484688 0.140221208 -0.0916466266 0.0448698439 -0.0443161838 0.0923807397 0.0558112264 -0.022187775 0.0214489494 -0.0280013252 -0.0182774197 0.00397717394 0.0276931338 -0.633536339 0.241355419 -0.0440989062 0.00224118447 0.0471432954 -0.119280696 0.0262075495 -0.0225183275 -0.0462850817 0.131352365 0.019588897 0.0049462188 -0.115255542 0.266823739 0.0724236071 0.0310950913 0.0533403717 -0.136330172 -0.514450431 -0.0794829428 -0.026286114 -0.0344064496 -0.178430259 -0.0289761033 0.0732925981 -0.030568365 0.0221402925 -0.104216307 -0.00525031006 -0.0147448974 -0.00100843294 -0.0373267047 -0.027780788 -0.021259496 -0.0627308488 0.294574946 0.0583842844 -0.071434252 0.0449732542 0.0756320208 0.138328314 0.0385015272 -0.148994654 -0.05805948 -0.0042838729 0.000190863764 -0.615608394 0.0486725606 0.0553686358 0.0691090897 -0.154091507 0.335282475 0.0139393695 0.0482379682 0.0698383972 -0.142105639 0.144200355 0.0590288825 -0.014092382 -0.0640888736 -0.0174956601 0.0175087713 0.0282586459 0.0609997846 -0.144165754 0.0597877912 0.0506623499 0.0759270191 -0.479050368 -0.0906650126 0.0449880138 0.0136289317 0.112948842 0.141331404 0.0683040544 -0.0087594362 -0.0413425677 -0.025194509 0.0672134757 0.00891507976 -0.543418586 -0.0266570803 -0.00387271494 0.0274539478 0.0782072842 -0.0546361879 0.0619100258 0.0323484316 0.0340177678 -0.155360624 -0.214184701 -0.165781483 0.090838328 0.0851608738 0.0397332646 0.0414124355 0.0110540036 0.0143518047 -0.110414319 -0.0160532519 -0.0074966331 0.0500593483 -0.0781149864 -0.0127800805 -0.0271569118 -0.0852056295 0.0797152147 0.116152488 -0.0617109202 0.0246402528 -0.0688170791 0.0470508188 -0.0613436736 -0.00699867168 0.289698005 -0.0843750462 0.000215635286 0.0196737014 0.00196296256 -0.172795922 0.175728559 -0.0635047853 -0.216883108 -0.000862851564 -0.0612348728 0.000517463544 -0.105225168 -0.0767520741 0.0577359758 0.0203739405 -0.00539771467 -0.00951728132 -0.0234126188 -0.00880454946 -0.0282005165 -0.000878335792 -0.346597016 -0.0984897539 -0.012034867 -0.000202255032 0.599505305 -0.265888065 -0.021722842 -0.10086941 0.207677469 -0.102636099 -0.184642628 0.00404451368 0.00830679666 -0.00162324926 -0.00609090878 -0.0707577243 0.188245997 0.465899915 0.0219606198 -0.0177396443 0.153593332 -0.368491441 -0.0413741805 -0.0914182514 0.161738843 0.0900182351 -0.103394836 0.0304904059 -0.0155551583 0.0337681919 -0.0700762048 0.0137944128 -0.00226846803 0.0265915729 -0.112357438 -0.00867517665 0.00110241876 0.0827036351 0.13675186 0.0394498073 0.0874944255 -0.09449476 -0.030668648 0.00378031959 0.0755433366 -0.0233643111 -0.0528020374 0.0303006731 -0.0255174339 -0.0961950496 -0.0495923571 0.870999336 -0.051127255 0.0161455926 0.0738514215 -0.00961697754 -0.0244096555 -0.0123228794 0.0416371711 0.0101065235 -0.0993600935 -0.0137987081 0.00821809657 0.0240521189 -0.0124633657 -0.0277423412 0.0127736442 0.0067442297 -0.716594458 0.0395899042 -0.0494064316 0.0519320033 -0.0286029652 -0.230659366 -0.0482209586 0.137522817 0.152840972 -0.0671388134 0.141078919 0.035196811 0.177738741 -0.0243174378 -0.0205870681 -0.0658645481 -0.0891885534 0.467534751 0.0699323192 0.00117163197 0.10860806 0.281329662 -0.0655095354 -0.042912066 0.0301806349 -0.0151854102 -0.187005699 0.0307826474 -0.0129881073 -0.0379184224 -0.1054722 0.0522212498 -0.0235584266 -0.0418976322 -0.417354882 -0.0404646061 0.0154225621 -0.123196192 0.14425458 -0.269319624 0.0847775266 -0.0207464918 -0.149477422 0.180817872 -0.0168121811 -0.0559042916 0.0314765684 0.356742144 -0.0898020715 0.0258676223 0.0765962154 0.0982361138 0.0574613474 0.00727195758 -0.214593619 -0.0932338759 0.0263251737 -0.0703086182 0.0018083608 -0.0452623218 -0.0393526182 -0.0632700399 -0.0189910419 -0.0140085015 0.013777405 -0.0213607606 -0.0396532603 -0.0240594558 -0.326630175 -0.251216859 0.0843630582 0.0316185728 0.0439377204 -0.112889193 -0.0368724652 0.105227262 0.0455599576 -0.0549582802 -0.0671508685 -0.072726272 -0.466767251 -0.0253085587 0.17586419 -0.162139028 -0.184075192 0.153885558 -0.0542832054 -0.0871246532 -0.0888092741 -0.204783529 -0.0443809405 -0.0348796844 -0.0562487394 0.0821357742 -0.0207970254 -0.0218490958 0.0095772706 -0.00294088689 0.0687608719 0.0545785613 -0.0219791308 -0.0150638055 -0.121958174 0.0383777171 0.0804739967 0.0649760067 0.223416403 0.0451916754 -0.00387982023 0.0484914072 0.112180591 0.0501380153 -0.131118089 -0.150541931 -0.0834739283 -0.113764018 -0.137877569 -0.0312134866 0.243174642 -0.610234022 0.0855408907 0.0132711316 -0.0707925484 -0.207577348 0.19156228 -0.00732329208 -0.215909541 0.0293831043 -0.0399205312 0.0589579642 0.0335679241 -0.0870401859 0.0240814555 -0.000685451319 -0.0152317127 -0.0538261198 0.0699452087 0.00486743124 -0.0549335182 -0.080876492 -0.13969253 0.200500995 0.0777858794 0.0889829174 0.110189535 0.227581367 -0.0246535763 -0.00480605569 0.0915346742 0.267436683 0.141059712 -0.0492675491 0.0198262874 -0.054290615 -0.0617946461 -0.12757948 0.191381648 -0.0090829134 -0.172390521 -0.113698848 0.0727930143 0.105379745 -0.116921 -0.076315783 0.0151040014 -0.0561417378 -0.0545799509 0.0279439166 -0.00611209637 -0.0367261507 -0.504752636 -0.144335762 -0.164046943 0.0429862067 -0.183478013 -0.0973405465 -0.182073653 0.066513069 0.0460593663 0.0827121884 -0.132516518 0.15284583 -0.507500947 0.0576337427 -0.211718827 -0.174582615 -0.104459442 0.0570000634 -0.303970337 0.052946426 -0.012785905 0.379029036 -0.0881783068 0.00186928734 0.127172872 0.00253049075 0.0648768619 -0.0518033542 -0.000472596672 0.0093125077 -0.0272178221 0.090698868 -0.0130284531 -0.00712280907 -0.0875498205 0.185082749 -0.107397802 0.035438627 -0.102546528 -0.116185308 -0.0225147363 0.104699127 0.0878410414 -0.0860200897 -0.0782238245 0.122961529
